(0, 0) (1, 0) 100
(0, 0) (0, 1) 70
(0, 1) (1, 1) 100
(0, 1) (0, 2) 70
(0, 2) (1, 2) 80
(0, 2) (0, 3) 100
(0, 3) (1, 3) 100
(0, 3) (0, 4) 80
(0, 4) (1, 4) 80
(0, 4) (0, 5) 100
(0, 5) (1, 5) 100
(0, 5) (0, 6) 70
(0, 6) (1, 6) 70
(0, 6) (0, 7) 100
(0, 7) (1, 7) 70
(0, 7) (0, 8) 100
(0, 8) (1, 8) 100
(0, 8) (0, 9) 100
(0, 9) (1, 9) 80
(0, 9) (0, 10) 70
(0, 10) (1, 10) 100
(0, 10) (0, 11) 100
(0, 11) (1, 11) 70
(0, 11) (0, 12) 100
(0, 12) (1, 12) 80
(0, 12) (0, 13) 80
(0, 13) (1, 13) 80
(0, 13) (0, 14) 100
(0, 14) (1, 14) 80
(0, 14) (0, 15) 70
(0, 15) (1, 15) 100
(0, 15) (0, 16) 100
(0, 16) (1, 16) 80
(0, 16) (0, 17) 100
(0, 17) (1, 17) 80
(0, 17) (0, 18) 80
(0, 18) (1, 18) 80
(0, 18) (0, 19) 70
(0, 19) (1, 19) 70
(1, 0) (2, 0) 70
(1, 0) (1, 1) 100
(1, 1) (2, 1) 100
(1, 1) (1, 2) 70
(1, 2) (2, 2) 100
(1, 2) (1, 3) 100
(1, 3) (2, 3) 70
(1, 3) (1, 4) 100
(1, 4) (2, 4) 70
(1, 4) (1, 5) 100
(1, 5) (2, 5) 100
(1, 5) (1, 6) 100
(1, 6) (2, 6) 100
(1, 6) (1, 7) 80
(1, 7) (2, 7) 70
(1, 7) (1, 8) 80
(1, 8) (2, 8) 70
(1, 8) (1, 9) 70
(1, 9) (2, 9) 100
(1, 9) (1, 10) 70
(1, 10) (2, 10) 80
(1, 10) (1, 11) 80
(1, 11) (2, 11) 70
(1, 11) (1, 12) 80
(1, 12) (2, 12) 70
(1, 12) (1, 13) 100
(1, 13) (2, 13) 100
(1, 13) (1, 14) 80
(1, 14) (2, 14) 70
(1, 14) (1, 15) 70
(1, 15) (2, 15) 70
(1, 15) (1, 16) 100
(1, 16) (2, 16) 100
(1, 16) (1, 17) 80
(1, 17) (2, 17) 80
(1, 17) (1, 18) 70
(1, 18) (2, 18) 80
(1, 18) (1, 19) 100
(1, 19) (2, 19) 100
(2, 0) (3, 0) 80
(2, 0) (2, 1) 80
(2, 1) (3, 1) 100
(2, 1) (2, 2) 100
(2, 2) (3, 2) 80
(2, 2) (2, 3) 80
(2, 3) (3, 3) 80
(2, 3) (2, 4) 80
(2, 4) (3, 4) 100
(2, 4) (2, 5) 70
(2, 5) (3, 5) 70
(2, 5) (2, 6) 80
(2, 6) (3, 6) 80
(2, 6) (2, 7) 80
(2, 7) (3, 7) 70
(2, 7) (2, 8) 70
(2, 8) (3, 8) 80
(2, 8) (2, 9) 100
(2, 9) (3, 9) 80
(2, 9) (2, 10) 80
(2, 10) (3, 10) 70
(2, 10) (2, 11) 100
(2, 11) (3, 11) 80
(2, 11) (2, 12) 70
(2, 12) (3, 12) 100
(2, 12) (2, 13) 100
(2, 13) (3, 13) 70
(2, 13) (2, 14) 70
(2, 14) (3, 14) 70
(2, 14) (2, 15) 100
(2, 15) (3, 15) 80
(2, 15) (2, 16) 100
(2, 16) (3, 16) 100
(2, 16) (2, 17) 100
(2, 17) (3, 17) 70
(2, 17) (2, 18) 80
(2, 18) (3, 18) 100
(2, 18) (2, 19) 70
(2, 19) (3, 19) 80
(3, 0) (4, 0) 100
(3, 0) (3, 1) 80
(3, 1) (4, 1) 100
(3, 1) (3, 2) 100
(3, 2) (4, 2) 80
(3, 2) (3, 3) 100
(3, 3) (4, 3) 100
(3, 3) (3, 4) 70
(3, 4) (4, 4) 80
(3, 4) (3, 5) 80
(3, 5) (4, 5) 80
(3, 5) (3, 6) 70
(3, 6) (4, 6) 80
(3, 6) (3, 7) 70
(3, 7) (4, 7) 70
(3, 7) (3, 8) 100
(3, 8) (4, 8) 80
(3, 8) (3, 9) 70
(3, 9) (4, 9) 70
(3, 9) (3, 10) 70
(3, 10) (4, 10) 70
(3, 10) (3, 11) 70
(3, 11) (4, 11) 80
(3, 11) (3, 12) 100
(3, 12) (4, 12) 70
(3, 12) (3, 13) 80
(3, 13) (4, 13) 100
(3, 13) (3, 14) 100
(3, 14) (4, 14) 100
(3, 14) (3, 15) 70
(3, 15) (4, 15) 100
(3, 15) (3, 16) 100
(3, 16) (4, 16) 80
(3, 16) (3, 17) 70
(3, 17) (4, 17) 100
(3, 17) (3, 18) 80
(3, 18) (4, 18) 80
(3, 18) (3, 19) 70
(3, 19) (4, 19) 80
(4, 0) (5, 0) 70
(4, 0) (4, 1) 100
(4, 1) (5, 1) 70
(4, 1) (4, 2) 80
(4, 2) (5, 2) 100
(4, 2) (4, 3) 80
(4, 3) (5, 3) 80
(4, 3) (4, 4) 100
(4, 4) (5, 4) 100
(4, 4) (4, 5) 100
(4, 5) (5, 5) 80
(4, 5) (4, 6) 70
(4, 6) (5, 6) 80
(4, 6) (4, 7) 70
(4, 7) (5, 7) 70
(4, 7) (4, 8) 100
(4, 8) (5, 8) 80
(4, 8) (4, 9) 80
(4, 9) (5, 9) 70
(4, 9) (4, 10) 100
(4, 10) (5, 10) 100
(4, 10) (4, 11) 70
(4, 11) (5, 11) 80
(4, 11) (4, 12) 80
(4, 12) (5, 12) 80
(4, 12) (4, 13) 100
(4, 13) (5, 13) 100
(4, 13) (4, 14) 80
(4, 14) (5, 14) 80
(4, 14) (4, 15) 70
(4, 15) (5, 15) 70
(4, 15) (4, 16) 70
(4, 16) (5, 16) 80
(4, 16) (4, 17) 80
(4, 17) (5, 17) 100
(4, 17) (4, 18) 70
(4, 18) (5, 18) 80
(4, 18) (4, 19) 80
(4, 19) (5, 19) 70
(5, 0) (6, 0) 100
(5, 0) (5, 1) 80
(5, 1) (6, 1) 70
(5, 1) (5, 2) 70
(5, 2) (6, 2) 70
(5, 2) (5, 3) 70
(5, 3) (6, 3) 80
(5, 3) (5, 4) 80
(5, 4) (6, 4) 100
(5, 4) (5, 5) 100
(5, 5) (6, 5) 100
(5, 5) (5, 6) 80
(5, 6) (6, 6) 100
(5, 6) (5, 7) 70
(5, 7) (6, 7) 100
(5, 7) (5, 8) 80
(5, 8) (6, 8) 80
(5, 8) (5, 9) 80
(5, 9) (6, 9) 70
(5, 9) (5, 10) 100
(5, 10) (6, 10) 100
(5, 10) (5, 11) 70
(5, 11) (6, 11) 100
(5, 11) (5, 12) 80
(5, 12) (6, 12) 70
(5, 12) (5, 13) 80
(5, 13) (6, 13) 70
(5, 13) (5, 14) 80
(5, 14) (6, 14) 80
(5, 14) (5, 15) 70
(5, 15) (6, 15) 80
(5, 15) (5, 16) 70
(5, 16) (6, 16) 70
(5, 16) (5, 17) 100
(5, 17) (6, 17) 100
(5, 17) (5, 18) 70
(5, 18) (6, 18) 80
(5, 18) (5, 19) 80
(5, 19) (6, 19) 80
(6, 0) (7, 0) 70
(6, 0) (6, 1) 70
(6, 1) (7, 1) 80
(6, 1) (6, 2) 70
(6, 2) (7, 2) 100
(6, 2) (6, 3) 100
(6, 3) (7, 3) 70
(6, 3) (6, 4) 70
(6, 4) (7, 4) 80
(6, 4) (6, 5) 70
(6, 5) (7, 5) 80
(6, 5) (6, 6) 100
(6, 6) (7, 6) 80
(6, 6) (6, 7) 70
(6, 7) (7, 7) 80
(6, 7) (6, 8) 70
(6, 8) (7, 8) 80
(6, 8) (6, 9) 70
(6, 9) (7, 9) 100
(6, 9) (6, 10) 80
(6, 10) (7, 10) 80
(6, 10) (6, 11) 70
(6, 11) (7, 11) 80
(6, 11) (6, 12) 70
(6, 12) (7, 12) 80
(6, 12) (6, 13) 100
(6, 13) (7, 13) 70
(6, 13) (6, 14) 80
(6, 14) (7, 14) 100
(6, 14) (6, 15) 70
(6, 15) (7, 15) 80
(6, 15) (6, 16) 100
(6, 16) (7, 16) 80
(6, 16) (6, 17) 70
(6, 17) (7, 17) 70
(6, 17) (6, 18) 70
(6, 18) (7, 18) 70
(6, 18) (6, 19) 80
(6, 19) (7, 19) 100
(7, 0) (8, 0) 100
(7, 0) (7, 1) 100
(7, 1) (8, 1) 80
(7, 1) (7, 2) 100
(7, 2) (8, 2) 80
(7, 2) (7, 3) 70
(7, 3) (8, 3) 100
(7, 3) (7, 4) 80
(7, 4) (8, 4) 100
(7, 4) (7, 5) 80
(7, 5) (8, 5) 80
(7, 5) (7, 6) 80
(7, 6) (8, 6) 80
(7, 6) (7, 7) 80
(7, 7) (8, 7) 70
(7, 7) (7, 8) 80
(7, 8) (8, 8) 80
(7, 8) (7, 9) 100
(7, 9) (8, 9) 70
(7, 9) (7, 10) 70
(7, 10) (8, 10) 70
(7, 10) (7, 11) 70
(7, 11) (8, 11) 80
(7, 11) (7, 12) 100
(7, 12) (8, 12) 100
(7, 12) (7, 13) 80
(7, 13) (8, 13) 70
(7, 13) (7, 14) 100
(7, 14) (8, 14) 100
(7, 14) (7, 15) 70
(7, 15) (8, 15) 70
(7, 15) (7, 16) 100
(7, 16) (8, 16) 70
(7, 16) (7, 17) 80
(7, 17) (8, 17) 80
(7, 17) (7, 18) 70
(7, 18) (8, 18) 70
(7, 18) (7, 19) 70
(7, 19) (8, 19) 70
(8, 0) (9, 0) 80
(8, 0) (8, 1) 80
(8, 1) (9, 1) 100
(8, 1) (8, 2) 70
(8, 2) (9, 2) 100
(8, 2) (8, 3) 70
(8, 3) (9, 3) 100
(8, 3) (8, 4) 70
(8, 4) (9, 4) 80
(8, 4) (8, 5) 100
(8, 5) (9, 5) 70
(8, 5) (8, 6) 70
(8, 6) (9, 6) 80
(8, 6) (8, 7) 80
(8, 7) (9, 7) 70
(8, 7) (8, 8) 100
(8, 8) (9, 8) 100
(8, 8) (8, 9) 80
(8, 9) (9, 9) 80
(8, 9) (8, 10) 70
(8, 10) (9, 10) 100
(8, 10) (8, 11) 70
(8, 11) (9, 11) 80
(8, 11) (8, 12) 70
(8, 12) (9, 12) 100
(8, 12) (8, 13) 70
(8, 13) (9, 13) 100
(8, 13) (8, 14) 70
(8, 14) (9, 14) 80
(8, 14) (8, 15) 100
(8, 15) (9, 15) 100
(8, 15) (8, 16) 80
(8, 16) (9, 16) 80
(8, 16) (8, 17) 70
(8, 17) (9, 17) 80
(8, 17) (8, 18) 70
(8, 18) (9, 18) 100
(8, 18) (8, 19) 80
(8, 19) (9, 19) 100
(9, 0) (10, 0) 80
(9, 0) (9, 1) 70
(9, 1) (10, 1) 80
(9, 1) (9, 2) 80
(9, 2) (10, 2) 100
(9, 2) (9, 3) 80
(9, 3) (10, 3) 100
(9, 3) (9, 4) 70
(9, 4) (10, 4) 70
(9, 4) (9, 5) 80
(9, 5) (10, 5) 100
(9, 5) (9, 6) 80
(9, 6) (10, 6) 100
(9, 6) (9, 7) 70
(9, 7) (10, 7) 80
(9, 7) (9, 8) 70
(9, 8) (10, 8) 80
(9, 8) (9, 9) 80
(9, 9) (10, 9) 80
(9, 9) (9, 10) 100
(9, 10) (10, 10) 80
(9, 10) (9, 11) 80
(9, 11) (10, 11) 80
(9, 11) (9, 12) 70
(9, 12) (10, 12) 70
(9, 12) (9, 13) 70
(9, 13) (10, 13) 70
(9, 13) (9, 14) 70
(9, 14) (10, 14) 80
(9, 14) (9, 15) 80
(9, 15) (10, 15) 100
(9, 15) (9, 16) 80
(9, 16) (10, 16) 80
(9, 16) (9, 17) 100
(9, 17) (10, 17) 70
(9, 17) (9, 18) 70
(9, 18) (10, 18) 100
(9, 18) (9, 19) 70
(9, 19) (10, 19) 70
(10, 0) (11, 0) 80
(10, 0) (10, 1) 70
(10, 1) (11, 1) 100
(10, 1) (10, 2) 80
(10, 2) (11, 2) 70
(10, 2) (10, 3) 100
(10, 3) (11, 3) 70
(10, 3) (10, 4) 70
(10, 4) (11, 4) 80
(10, 4) (10, 5) 100
(10, 5) (11, 5) 100
(10, 5) (10, 6) 100
(10, 6) (11, 6) 100
(10, 6) (10, 7) 70
(10, 7) (11, 7) 70
(10, 7) (10, 8) 100
(10, 8) (11, 8) 70
(10, 8) (10, 9) 70
(10, 9) (11, 9) 80
(10, 9) (10, 10) 100
(10, 10) (11, 10) 100
(10, 10) (10, 11) 100
(10, 11) (11, 11) 80
(10, 11) (10, 12) 70
(10, 12) (11, 12) 100
(10, 12) (10, 13) 100
(10, 13) (11, 13) 80
(10, 13) (10, 14) 80
(10, 14) (11, 14) 100
(10, 14) (10, 15) 70
(10, 15) (11, 15) 80
(10, 15) (10, 16) 100
(10, 16) (11, 16) 70
(10, 16) (10, 17) 70
(10, 17) (11, 17) 80
(10, 17) (10, 18) 100
(10, 18) (11, 18) 80
(10, 18) (10, 19) 70
(10, 19) (11, 19) 70
(11, 0) (12, 0) 70
(11, 0) (11, 1) 100
(11, 1) (12, 1) 70
(11, 1) (11, 2) 100
(11, 2) (12, 2) 70
(11, 2) (11, 3) 70
(11, 3) (12, 3) 80
(11, 3) (11, 4) 100
(11, 4) (12, 4) 100
(11, 4) (11, 5) 100
(11, 5) (12, 5) 100
(11, 5) (11, 6) 80
(11, 6) (12, 6) 80
(11, 6) (11, 7) 100
(11, 7) (12, 7) 100
(11, 7) (11, 8) 70
(11, 8) (12, 8) 100
(11, 8) (11, 9) 100
(11, 9) (12, 9) 70
(11, 9) (11, 10) 80
(11, 10) (12, 10) 100
(11, 10) (11, 11) 80
(11, 11) (12, 11) 100
(11, 11) (11, 12) 70
(11, 12) (12, 12) 70
(11, 12) (11, 13) 70
(11, 13) (12, 13) 100
(11, 13) (11, 14) 100
(11, 14) (12, 14) 100
(11, 14) (11, 15) 100
(11, 15) (12, 15) 100
(11, 15) (11, 16) 80
(11, 16) (12, 16) 70
(11, 16) (11, 17) 80
(11, 17) (12, 17) 70
(11, 17) (11, 18) 100
(11, 18) (12, 18) 80
(11, 18) (11, 19) 80
(11, 19) (12, 19) 100
(12, 0) (13, 0) 70
(12, 0) (12, 1) 80
(12, 1) (13, 1) 70
(12, 1) (12, 2) 100
(12, 2) (13, 2) 80
(12, 2) (12, 3) 100
(12, 3) (13, 3) 100
(12, 3) (12, 4) 70
(12, 4) (13, 4) 70
(12, 4) (12, 5) 100
(12, 5) (13, 5) 80
(12, 5) (12, 6) 100
(12, 6) (13, 6) 100
(12, 6) (12, 7) 70
(12, 7) (13, 7) 80
(12, 7) (12, 8) 80
(12, 8) (13, 8) 80
(12, 8) (12, 9) 80
(12, 9) (13, 9) 80
(12, 9) (12, 10) 100
(12, 10) (13, 10) 80
(12, 10) (12, 11) 70
(12, 11) (13, 11) 70
(12, 11) (12, 12) 80
(12, 12) (13, 12) 70
(12, 12) (12, 13) 70
(12, 13) (13, 13) 80
(12, 13) (12, 14) 70
(12, 14) (13, 14) 100
(12, 14) (12, 15) 80
(12, 15) (13, 15) 100
(12, 15) (12, 16) 80
(12, 16) (13, 16) 70
(12, 16) (12, 17) 80
(12, 17) (13, 17) 80
(12, 17) (12, 18) 70
(12, 18) (13, 18) 100
(12, 18) (12, 19) 100
(12, 19) (13, 19) 70
(13, 0) (14, 0) 70
(13, 0) (13, 1) 80
(13, 1) (14, 1) 100
(13, 1) (13, 2) 100
(13, 2) (14, 2) 100
(13, 2) (13, 3) 80
(13, 3) (14, 3) 100
(13, 3) (13, 4) 80
(13, 4) (14, 4) 80
(13, 4) (13, 5) 70
(13, 5) (14, 5) 70
(13, 5) (13, 6) 100
(13, 6) (14, 6) 80
(13, 6) (13, 7) 80
(13, 7) (14, 7) 100
(13, 7) (13, 8) 70
(13, 8) (14, 8) 80
(13, 8) (13, 9) 80
(13, 9) (14, 9) 100
(13, 9) (13, 10) 100
(13, 10) (14, 10) 100
(13, 10) (13, 11) 100
(13, 11) (14, 11) 70
(13, 11) (13, 12) 80
(13, 12) (14, 12) 80
(13, 12) (13, 13) 100
(13, 13) (14, 13) 100
(13, 13) (13, 14) 100
(13, 14) (14, 14) 100
(13, 14) (13, 15) 100
(13, 15) (14, 15) 100
(13, 15) (13, 16) 70
(13, 16) (14, 16) 70
(13, 16) (13, 17) 100
(13, 17) (14, 17) 80
(13, 17) (13, 18) 100
(13, 18) (14, 18) 100
(13, 18) (13, 19) 70
(13, 19) (14, 19) 100
(14, 0) (15, 0) 70
(14, 0) (14, 1) 70
(14, 1) (15, 1) 70
(14, 1) (14, 2) 80
(14, 2) (15, 2) 70
(14, 2) (14, 3) 100
(14, 3) (15, 3) 70
(14, 3) (14, 4) 70
(14, 4) (15, 4) 100
(14, 4) (14, 5) 80
(14, 5) (15, 5) 70
(14, 5) (14, 6) 70
(14, 6) (15, 6) 70
(14, 6) (14, 7) 80
(14, 7) (15, 7) 100
(14, 7) (14, 8) 80
(14, 8) (15, 8) 70
(14, 8) (14, 9) 100
(14, 9) (15, 9) 100
(14, 9) (14, 10) 70
(14, 10) (15, 10) 70
(14, 10) (14, 11) 100
(14, 11) (15, 11) 100
(14, 11) (14, 12) 100
(14, 12) (15, 12) 80
(14, 12) (14, 13) 70
(14, 13) (15, 13) 70
(14, 13) (14, 14) 70
(14, 14) (15, 14) 100
(14, 14) (14, 15) 70
(14, 15) (15, 15) 80
(14, 15) (14, 16) 100
(14, 16) (15, 16) 100
(14, 16) (14, 17) 100
(14, 17) (15, 17) 70
(14, 17) (14, 18) 100
(14, 18) (15, 18) 70
(14, 18) (14, 19) 80
(14, 19) (15, 19) 70
(15, 0) (16, 0) 100
(15, 0) (15, 1) 70
(15, 1) (16, 1) 100
(15, 1) (15, 2) 100
(15, 2) (16, 2) 100
(15, 2) (15, 3) 70
(15, 3) (16, 3) 70
(15, 3) (15, 4) 80
(15, 4) (16, 4) 100
(15, 4) (15, 5) 80
(15, 5) (16, 5) 80
(15, 5) (15, 6) 100
(15, 6) (16, 6) 70
(15, 6) (15, 7) 100
(15, 7) (16, 7) 100
(15, 7) (15, 8) 70
(15, 8) (16, 8) 70
(15, 8) (15, 9) 80
(15, 9) (16, 9) 70
(15, 9) (15, 10) 100
(15, 10) (16, 10) 80
(15, 10) (15, 11) 70
(15, 11) (16, 11) 80
(15, 11) (15, 12) 70
(15, 12) (16, 12) 70
(15, 12) (15, 13) 100
(15, 13) (16, 13) 80
(15, 13) (15, 14) 80
(15, 14) (16, 14) 100
(15, 14) (15, 15) 100
(15, 15) (16, 15) 80
(15, 15) (15, 16) 100
(15, 16) (16, 16) 100
(15, 16) (15, 17) 70
(15, 17) (16, 17) 100
(15, 17) (15, 18) 80
(15, 18) (16, 18) 100
(15, 18) (15, 19) 80
(15, 19) (16, 19) 80
(16, 0) (17, 0) 70
(16, 0) (16, 1) 100
(16, 1) (17, 1) 70
(16, 1) (16, 2) 100
(16, 2) (17, 2) 100
(16, 2) (16, 3) 70
(16, 3) (17, 3) 100
(16, 3) (16, 4) 80
(16, 4) (17, 4) 70
(16, 4) (16, 5) 100
(16, 5) (17, 5) 70
(16, 5) (16, 6) 80
(16, 6) (17, 6) 70
(16, 6) (16, 7) 70
(16, 7) (17, 7) 70
(16, 7) (16, 8) 80
(16, 8) (17, 8) 80
(16, 8) (16, 9) 100
(16, 9) (17, 9) 80
(16, 9) (16, 10) 100
(16, 10) (17, 10) 70
(16, 10) (16, 11) 70
(16, 11) (17, 11) 100
(16, 11) (16, 12) 100
(16, 12) (17, 12) 100
(16, 12) (16, 13) 70
(16, 13) (17, 13) 80
(16, 13) (16, 14) 80
(16, 14) (17, 14) 70
(16, 14) (16, 15) 80
(16, 15) (17, 15) 100
(16, 15) (16, 16) 80
(16, 16) (17, 16) 70
(16, 16) (16, 17) 100
(16, 17) (17, 17) 100
(16, 17) (16, 18) 70
(16, 18) (17, 18) 70
(16, 18) (16, 19) 100
(16, 19) (17, 19) 100
(17, 0) (18, 0) 70
(17, 0) (17, 1) 100
(17, 1) (18, 1) 80
(17, 1) (17, 2) 100
(17, 2) (18, 2) 70
(17, 2) (17, 3) 80
(17, 3) (18, 3) 80
(17, 3) (17, 4) 80
(17, 4) (18, 4) 80
(17, 4) (17, 5) 70
(17, 5) (18, 5) 70
(17, 5) (17, 6) 100
(17, 6) (18, 6) 70
(17, 6) (17, 7) 80
(17, 7) (18, 7) 100
(17, 7) (17, 8) 80
(17, 8) (18, 8) 70
(17, 8) (17, 9) 80
(17, 9) (18, 9) 80
(17, 9) (17, 10) 80
(17, 10) (18, 10) 70
(17, 10) (17, 11) 70
(17, 11) (18, 11) 70
(17, 11) (17, 12) 80
(17, 12) (18, 12) 100
(17, 12) (17, 13) 100
(17, 13) (18, 13) 80
(17, 13) (17, 14) 100
(17, 14) (18, 14) 80
(17, 14) (17, 15) 70
(17, 15) (18, 15) 70
(17, 15) (17, 16) 100
(17, 16) (18, 16) 100
(17, 16) (17, 17) 100
(17, 17) (18, 17) 100
(17, 17) (17, 18) 80
(17, 18) (18, 18) 70
(17, 18) (17, 19) 80
(17, 19) (18, 19) 80
(18, 0) (19, 0) 100
(18, 0) (18, 1) 80
(18, 1) (19, 1) 80
(18, 1) (18, 2) 70
(18, 2) (19, 2) 80
(18, 2) (18, 3) 100
(18, 3) (19, 3) 80
(18, 3) (18, 4) 100
(18, 4) (19, 4) 70
(18, 4) (18, 5) 100
(18, 5) (19, 5) 80
(18, 5) (18, 6) 80
(18, 6) (19, 6) 100
(18, 6) (18, 7) 100
(18, 7) (19, 7) 80
(18, 7) (18, 8) 80
(18, 8) (19, 8) 70
(18, 8) (18, 9) 100
(18, 9) (19, 9) 80
(18, 9) (18, 10) 100
(18, 10) (19, 10) 80
(18, 10) (18, 11) 70
(18, 11) (19, 11) 80
(18, 11) (18, 12) 80
(18, 12) (19, 12) 100
(18, 12) (18, 13) 100
(18, 13) (19, 13) 80
(18, 13) (18, 14) 70
(18, 14) (19, 14) 100
(18, 14) (18, 15) 100
(18, 15) (19, 15) 80
(18, 15) (18, 16) 70
(18, 16) (19, 16) 100
(18, 16) (18, 17) 100
(18, 17) (19, 17) 70
(18, 17) (18, 18) 70
(18, 18) (19, 18) 70
(18, 18) (18, 19) 80
(18, 19) (19, 19) 70
(19, 0) (19, 1) 100
(19, 1) (19, 2) 100
(19, 2) (19, 3) 80
(19, 3) (19, 4) 100
(19, 4) (19, 5) 70
(19, 5) (19, 6) 100
(19, 6) (19, 7) 100
(19, 7) (19, 8) 100
(19, 8) (19, 9) 100
(19, 9) (19, 10) 80
(19, 10) (19, 11) 100
(19, 11) (19, 12) 80
(19, 12) (19, 13) 100
(19, 13) (19, 14) 80
(19, 14) (19, 15) 80
(19, 15) (19, 16) 100
(19, 16) (19, 17) 80
(19, 17) (19, 18) 70
(19, 18) (19, 19) 80